100
-117 386
277 415
-165 293
-114 -8
-79 149
-473 -138
-441 190
263 426
-74 40
-328 236
-289 -132
-71 67
30 282
-377 362
-433 -365
302 429
-478 -442
-431 -333
-107 -44
-489 -458
-271 -127
-79 419
37 284
-302 -176
-185 -130
-87 26
-409 480
373 456
-330 362
-219 496
-195 425
-416 -173
-164 5
229 346
-187 357
-376 395
45 82
-133 314
-136 -66
-457 250
-413 308
-322 -224
84 288
-97 151
-101 254
-440 432
-132 176
-488 239
-274 86
-406 39
70 295
-122 -66
-33 101
-403 402
-183 -8
152 256
-220 -199
-214 -59
189 365
-56 119
-60 229
-469 -383
-403 271
-19 175
209 427
67 356
-147 -3
86 465
-194 183
-281 124
28 371
232 329
-481 3
-230 -132
208 215
-351 -160
223 296
-255 118
-49 346
55 421
-121 -12
-272 264
-150 341
-307 0
-466 264
-376 414
356 487
-9 243
-273 -135
359 436
-68 51
-272 -63
-225 -93
-379 -26
-105 358
-471 -263
-265 293
-72 318
-489 -357
29 428
