
Expected Output
4964
657
5860
3058
2808
9173
12936
754
2253
10097
4371
2264
1040
11985
1860
622
976
2675
1813
839
4008
4053
1030
3493
1577
2581
13484
431
10719
8387
7317
6668
4683
526
6759
12128
133
5048
1997
13653
12711
2724
886
3322
3929
14040
4395
14404
7954
11403
959
1604
1298
12896
4987
501
603
4362
806
2040
2621
2344
12293
1195
1029
1247
4137
1750
6159
8318
1460
431
13296
2748
36
5281
326
7542
2832
1618
3129
8678
5654
8613
13949
12221
700
1223
3835
395
2116
5829
3689
9817
4479
5688
8589
3365
3551
1738
